4294967278,61
4294967278,62
4294967278,0
4294967279,89
4294967279,87
4294967279,86
4294967279,84
4294967279,82
4294967279,80
4294967279,79
4294967279,77
4294967279,74
4294967279,72
4294967279,70
4294967279,69
4294967279,67
4294967279,66
4294967279,64
4294967279,62
4294967279,61
4294967279,60
4294967279,58
4294967279,53
4294967279,52
4294967279,50
4294967279,49
4294967279,48
4294967279,46
4294967279,45
4294967279,44
4294967279,43
4294967279,41
4294967279,35
4294967279,34
4294967279,33
4294967279,31
4294967279,29
4294967279,27
4294967279,24
4294967279,18
4294967279,15
4294967279,13
4294967279,12
4294967279,9
4294967279,39
4294967279,296
4294967279,38
4294967279,295
4294967279,149
4294967279,148
4294967279,147
4294967279,146
4294967279,145
4294967279,144
4294967279,143
4294967279,142
4294967279,141
4294967279,140
4294967279,139
4294967279,26
4294967279,138
4294967279,137
4294967279,136
4294967279,276
4294967294,182
4294967294,401
4294967294,1084
4294967294,1073
4294967294,170
4294967279,22
4294967279,134
4294967279,21
4294967279,317
4294967279,290
4294967294,1216
4294967279,19
4294967279,274
4294967279,283
4294967279,273
4294967279,289
4294967279,16
4294967279,271
4294967279,282
4294967279,270
91,6
91,5
4294967279,269
91,4
91,3
91,2
91,1
4294967279,287
4294967279,11
4294967279,286
4294967279,10
4294967279,265
4294967279,313
4294967279,264
4294967294,388
4294967279,263
4294967279,285
4294967279,262
4294967279,443
4294967279,258
4294967278,342
4294967278,344
4294967278,343
4294967278,378
4294967278,341
4294967278,340
4294967278,363
4294967278,255
4294967294,390
4294967294,1072
4294967294,186
4294967294,1068
4294967278,339
4294967278,376
88,4
4294967278,253
88,3
88,2
88,1
4294967278,360
4294967294,393
4294967294,389
4294967294,114
4294967294,115
4294967294,489
4294967294,469
4294967278,252
4294967278,251
4294967278,248
87,4
87,3
87,2
87,1
4294967278,246
4294967294,17
4294967294,99
4294967294,76
4294967278,241
86,4
4294967278,238
86,3
86,2
86,1
4294967278,337
0,7
4294967294,438
4294967294,2
4294967294,120
4294967294,1
4294967278,237
4294967294,82
4294967294,0
4294967294,5
4294967278,359
4294967278,235
4294967294,46
4294967294,1086
4294967294,53
4294967294,430
4294967294,44
4294967294,43
4294967294,40
4294967294,41
4294967294,38
4294967294,37
4294967294,36
4294967294,426
4294967294,51
4294967294,39
4294967294,42
4294967294,89
4294967278,233
4294967279,454
4294967279,410
4294967279,0
4294967294,107
4294967294,91
4294967294,90
4294967294,87
4294967294,86
4294967294,85
4294967294,84
4294967294,1247
4294967294,1246
4294967294,29
4294967294,419
4294967294,28
4294967294,1087
4294967294,27
4294967294,1427
4294967294,45
4294967294,96
4294967294,94
4294967278,229
4294967294,9
4294967278,228
4294967294,8
4294967278,231
4294967294,7
4294967294,22
4294967294,92
4294967278,226
4294967278,224
4294967278,222
4294967294,30
4294967294,1237
4294967294,1236
4294967294,1234
4294967294,1233
4294967294,1228
4294967294,1217
4294967294,1062
4294967294,1060
4294967294,1059
4294967294,1058
4294967294,1057
4294967294,60
4294967278,220
4294967294,67
4294967294,93
4294967294,95
4294967294,50
4294967294,417
4294967294,52
4294967294,12
4294967294,488
4294967294,25
4294967294,26
4294967294,88
4294967294,81
4294967294,1163
4294967294,1249
4294967294,83
4294967294,11
4294967294,68
4294967278,132
4294967278,131
4294967278,130
4294967278,129
4294967278,128
4294967278,127
4294967278,126
4294967278,125
4294967278,124
4294967278,123
4294967278,122
4294967278,121
4294967278,120
4294967278,119
4294967278,118
4294967278,117
4294967278,116
4294967278,115
4294967278,114
4294967278,113
4294967278,112
4294967278,111
4294967278,110
4294967278,109
4294967278,108
4294967278,107
4294967278,106
4294967278,105
4294967278,101
4294967278,100
4294967278,99
4294967278,98
4294967278,97
4294967278,96
4294967278,95
4294967278,94
4294967278,93
4294967278,92
4294967278,91
4294967278,327
4294967278,90
4294967278,89
4294967278,87
4294967278,356
4294967278,86
4294967278,274
4294967278,85
4294967278,84
4294967278,324
4294967278,83
4294967278,82
4294967278,323
4294967278,81
4294967278,80
4294967278,322
4294967278,79
4294967278,78
4294967278,77
4294967278,347
4294967278,374
4294967278,76
4294967278,373
4294967278,75
4294967278,74
4294967278,321
4294967278,73
4294967278,72
4294967278,71
4294967278,70
4294967278,353
4294967278,69
4294967278,68
4294967278,67
4294967278,66
4294967278,65
4294967278,64
4294967278,63
4294967279,85
4294967279,438
4294967279,83
4294967279,394
4294967279,81
4294967279,78
